"snp01" "snp02" "snp03" "snp04" "snp05" "snp06" "snp07" "snp08" "snp09" "snp10" "snp11" "snp12" "snp13" "snp14" "snp15" "snp16" "snp17" "snp18" "snp19" "snp20" "snp21" "snp22" "snp23" "snp24" "snp25" "snp26" "snp27" "snp28" "snp29" "snp30" "snp31" "snp32" "snp33" "snp34" "snp35" "snp36" "snp37" "snp38" "snp39" "snp40" "snp41" "snp42" "snp43" "snp44" "snp45" "snp46" "snp47" "snp48" "snp49" "snp50"
"CULA" 2 2 2 2 0 0 2 0 0 0 1 1 2 0 2 0 1 1 2 1 0 0 0 0 2 2 2 0 1 1 1 2 0 2 2 0 2 1 1 1 2 2 1 1 1 0 1 1 2 2
"CULB" 0 2 0 0 0 0 2 1 0 0 0 0 2 2 0 2 0 0 2 2 1 0 0 2 0 0 2 0 0 0 0 2 0 1 2 0 1 0 1 0 0 1 1 1 1 2 1 2 0 2
"CULC" 0 0 2 2 1 2 0 0 2 1 0 0 2 2 1 0 1 2 2 0 1 1 0 1 2 2 1 2 2 0 2 0 2 0 0 1 0 0 2 2 2 1 0 0 1 0 2 1 0 0
"CULD" 0 0 0 2 2 2 1 0 0 0 0 1 2 2 2 2 2 0 2 0 2 2 0 1 0 2 1 1 1 2 0 0 2 1 2 0 1 2 1 2 2 2 2 0 2 1 0 0 0 0
"CULE" 2 1 0 1 0 0 1 0 0 2 2 1 2 1 0 0 0 0 0 0 2 1 1 0 2 2 1 2 0 1 2 1 1 0 0 0 1 2 2 0 2 0 0 0 1 0 2 2 2 1
"CULF" 2 2 0 0 2 2 0 1 1 2 0 1 1 0 1 1 1 0 0 2 2 2 0 2 0 0 2 1 2 2 0 1 1 2 2 1 2 2 0 0 1 1 1 1 0 2 2 0 2 2
"CULG" 1 2 2 0 0 1 0 0 0 0 2 1 1 2 1 0 2 0 1 2 1 2 2 1 1 1 0 2 2 2 2 2 1 0 1 2 1 2 1 1 2 1 1 0 1 0 2 2 1 2
"GEN1" 2 2 2 2 2 0 0 1 2 2 2 2 0 2 2 1 0 1 2 2 2 2 0 2 2 2 0 0 2 2 2 0 0 1 2 2 2 2 1 0 2 2 2 1 1 2 1 0 2 2
"GEN2" 0 0 0 0 2 0 1 1 1 0 2 2 2 0 1 0 0 0 2 1 2 0 1 2 0 0 1 2 0 0 1 0 1 0 2 2 2 1 1 0 1 2 2 1 2 2 1 0 0 0
"GEN3" 2 2 0 1 0 0 0 2 2 2 2 1 1 1 2 1 1 0 1 2 2 0 0 1 2 1 0 0 2 1 1 1 1 0 2 1 0 1 2 2 0 0 2 2 1 1 1 2 2 2
"GEN4" 0 2 2 1 0 0 0 0 1 0 0 1 2 2 0 1 2 0 1 2 0 2 0 2 2 2 2 2 0 2 1 2 0 0 2 0 1 0 0 1 0 0 2 2 0 2 0 2 0 2
"GEN5" 0 2 2 0 2 2 2 1 0 0 1 1 2 0 2 0 1 1 2 1 0 0 2 1 1 0 0 2 1 1 1 2 0 1 2 0 0 1 1 1 2 2 1 1 1 0 1 1 0 2
